20
20
20
20
20
5
0
0
12.5
12.5
10
7.5
0
0
0
0
0
20
20
20
20
20
20
20
20
20
5
1.4776
1.4776
5
5
5
1.4776
1.4776
1.4776
1.4776
1.4776
1.4776
10
17.5
10
20
20
20
20
20
20
5
2.5
2.82321
2.82321
2.82321
2.82321
2.82321
2.82321
2.82321
2.5
-5
-5
17.5
15
10
20
12.5
12.5
12.5
12.5
12.5
5
3.91663
3.91663
3.91663
3.91663
3.91663
3.91663
3.91663
3.91663
3.91663
-5
-5
-5
-5
3.91663
2.5
0
5
5
5
5
4.6602
4.6602
4.6602
4.6602
4.6602
5
4.6602
4.6602
4.6602
4.6602
-7.5
-5
-5
-5
4.6602
5
0
4.98747
4.98747
4.98747
4.98747
4.98747
4.98747
4.98747
4.98747
20
7.5
12.5
4.98747
4.98747
4.98747
0
0
0
0
4.98747
5
0
4.86924
4.86924
4.86924
4.86924
4.86924
4.86924
4.86924
4.86924
20
20
20
5
5
4.86924
4.86924
4.86924
4.86924
4.86924
4.86924
5
0
4.31605
4.31605
4.31605
4.31605
4.31605
4.31605
4.31605
4.31605
20
20
20
4.31605
4.31605
4.31605
4.31605
4.31605
4.31605
4.31605
4.31605
4.31605
0
3.37732
3.37732
3.37732
3.37732
3.37732
3.37732
3.37732
3.37732
3.37732
3.37732
3.37732
3.37732
3.37732
3.37732
3.37732
3.37732
3.37732
3.37732
3.37732
3.37732
0
2.1369
2.1369
2.1369
2.1369
2.1369
2.1369
2.1369
2.1369
2.1369
2.1369
2.1369
2.1369
2.1369
2.1369
2.1369
2.1369
2.1369
2.1369
2.1369
2.1369
0
0
7.5
7.5
7.5
7.5
7.5
0.7056
0.7056
0.7056
0.7056
0.7056
0.7056
0.7056
0.7056
0.7056
0.7056
0.7056
0.7056
0.7056
0.7056
0
0
7.5
12.5
10
15
7.5
-0.788729
-0.788729
-0.788729
-0.788729
-2.5
-2.5
-2.5
0
0
0
0
0
0
-0.788729
0
0
7.5
17.5
12.5
20
7.5
-2.2126
-2.2126
-2.2126
-2.2126
-2.5
-2.5
-2.5
-2.5
0
0
0
0
0
-2.2126
0
0
7.5
12.5
12.5
15
7.5
-3.43883
-3.43883
-3.43883
0
0
0
0
0
0
0
0
0
0
-3.43883
0
0
7.5
7.5
7.5
7.5
7.5
-4.35788
-4.35788
-4.35788
0
0
0
0
0
0
0
-4.35788
-4.35788
-4.35788
-4.35788
0
-4.88765
-4.88765
-4.88765
-4.88765
-4.88765
-4.88765
-4.88765
-4.88765
-4.88765
-4.88765
-4.88765
-4.88765
-4.88765
-4.88765
-4.88765
-4.88765
-4.88765
-4.88765
-4.88765
-4.88765
0
-4.98082
-4.98082
-4.98082
-4.98082
-4.98082
-4.98082
-4.98082
-4.98082
-4.98082
5
-4.98082
-4.98082
-4.98082
-4.98082
-4.98082
-4.98082
-4.98082
-4.98082
-4.98082
-4.98082
0
-4.62907
-4.62907
-4.62907
-4.62907
-4.62907
-4.62907
-4.62907
10
7.5
12.5
-4.62907
-4.62907
-4.62907
-4.62907
-4.62907
12.5
15
-4.62907
-4.62907
-4.62907
0
-3.86382
-3.86382
-3.86382
-3.86382
-3.86382
-3.86382
-3.86382
12.5
12.5
15
-3.86382
-3.86382
-3.86382
-3.86382
10
15
12.5
17.5
-10
-3.86382
0
-2.75343
-2.75343
-2.75343
-2.75343
-2.75343
-2.75343
-2.75343
10
15
10
-2.75343
-2.5
-2.75343
-2.75343
17.5
12.5
7.5
15
-2.75343
-2.75343
0
-1.39708
-1.39708
-1.39708
-1.39708
-1.39708
-1.39708
-1.39708
-1.39708
-1.39708
-1.39708
-1.39708
-1.39708
-1.39708
-1.39708
-1.39708
-1.39708
-1.39708
-1.39708
-1.39708
-1.39708
